(14963) [14963,14963]
0 (22) [0,14963]
1 (219) [0,14963]
2 (48) [0,14963]
4 (146) [0,14963]
5 (327) [0,14963]
6 (1716) [0,14963]
7 (22) [0,14963]
8 (933) [0,14963]
9 (93) [0,14963]
10 (72) [0,14963]
11 (46) [0,14963]
12 (687) [0,14963]
13 (29) [0,14963]
14 (23) [0,14963]
15 (82) [0,14963]
16 (35) [0,14963]
17 (2502) [0,14963]
18 (744) [0,14963]
19 (103) [0,14963]
20 (422) [0,14963]
21 (48) [0,14963]
22 (51) [0,14963]
23 (40) [0,14963]
25 (60) [0,14963]
26 (100) [0,14963]
27 (596) [0,14963]
28 (1032) [0,14963]
29 (225) [0,14963]
30 (1514) [0,14963]
31 (516) [0,14963]
32 (238) [0,14963]
33 (1898) [0,14963]
34 (425) [0,14963]
35 (176) [0,14963]
36 (534) [0,14963]
37 (924) [0,14963]
38 (269) [0,14963]
39 (37) [0,14963]
40 (580) [0,14963]
41 (69) [0,14963]
42 (177) [0,14963]
43 (130) [0,14963]
44 (210) [0,14963]
45 (212) [0,14963]
46 (79) [0,14963]
47 (251) [0,14963]
48 (19) [0,14963]
49 (73) [0,14963]
50 (476) [0,14963]
51 (717) [0,14963]
52 (17) [0,14963]
53 (20) [0,14963]
54 (33) [0,14963]
56 (121) [0,14963]
57 (362) [0,14963]
58 (305) [0,14963]
60 (662) [0,14963]
61 (70) [0,14963]
62 (227) [0,14963]
63 (50) [0,14963]
64 (67) [0,14963]
65 (118) [0,14963]
68 (240) [0,14963]
69 (46) [0,14963]
71 (152) [0,14963]
72 (32) [0,14963]
73 (85) [0,14963]
74 (102) [0,14963]
75 (21) [0,14963]
76 (116) [0,14963]
77 (20) [0,14963]
78 (134) [0,14963]
79 (38) [0,14963]
80 (514) [0,14963]
81 (1071) [0,14963]
82 (30) [0,14963]
83 (491) [0,14963]
84 (17) [0,14963]
85 (252) [0,14963]
86 (22) [0,14963]
87 (356) [0,14963]
88 (34) [0,14963]
89 (21) [0,14963]
90 (15) [0,14963]
91 (29) [0,14963]
93 (323) [0,14963]
94 (16) [0,14963]
95 (80) [0,14963]
96 (16) [0,14963]
98 (335) [0,14963]
99 (566) [0,14963]
100 (17) [0,14963]
101 (283) [0,14963]
102 (518) [0,14963]
103 (42) [0,14963]
104 (220) [0,14963]
105 (785) [0,14963]
106 (1334) [0,14963]
107 (98) [0,14963]
108 (92) [0,14963]
110 (263) [0,14963]
111 (31) [0,14963]
112 (29) [0,14963]
113 (122) [0,14963]
114 (45) [0,14963]
115 (128) [0,14963]
116 (49) [0,14963]
117 (40) [0,14963]
118 (41) [0,14963]
120 (92) [0,14963]
121 (75) [0,14963]
122 (27) [0,14963]
123 (159) [0,14963]
124 (67) [0,14963]
125 (74) [0,14963]
126 (280) [0,14963]
127 (22) [0,14963]
128 (60) [0,14963]
129 (27) [0,14963]
130 (15) [0,14963]
131 (181) [0,14963]
132 (29) [0,14963]
133 (358) [0,14963]
134 (64) [0,14963]
135 (66) [0,14963]
137 (256) [0,14963]
138 (357) [0,14963]
139 (566) [0,14963]
140 (152) [0,14963]
142 (72) [0,14963]
143 (731) [0,14963]
144 (327) [0,14963]
145 (106) [0,14963]
146 (812) [0,14963]
147 (208) [0,14963]
150 (157) [0,14963]
151 (61) [0,14963]
152 (82) [0,14963]
153 (60) [0,14963]
154 (32) [0,14963]
157 (265) [0,14963]
158 (44) [0,14963]
159 (33) [0,14963]
160 (142) [0,14963]
161 (135) [0,14963]
162 (220) [0,14963]
163 (571) [0,14963]
164 (254) [0,14963]
165 (89) [0,14963]
79 17 (15) [0,38]
41 28 (15) [0,69]
15 17 (15) [0,82]
120 17 (16) [0,92]
74 17 (17) [0,102]
145 6 (15) [0,106]
65 33 (15) [0,118]
65 17 (18) [0,118]
56 17 (16) [0,121]
115 6 (22) [0,128]
43 106 (16) [0,130]
43 6 (15) [0,130]
43 17 (23) [0,130]
78 17 (17) [0,134]
161 33 (15) [0,135]
161 17 (15) [0,135]
160 33 (16) [0,142]
160 17 (27) [0,142]
4 28 (16) [0,146]
4 17 (25) [0,146]
71 81 (17) [0,152]
71 6 (22) [0,152]
71 17 (26) [0,152]
140 106 (20) [0,152]
140 6 (16) [0,152]
140 33 (20) [0,152]
140 17 (19) [0,152]
150 6 (20) [0,157]
150 33 (19) [0,157]
123 106 (17) [0,159]
123 17 (22) [0,159]
35 17 (20) [0,176]
42 28 (15) [0,177]
42 6 (16) [0,177]
42 17 (28) [0,177]
131 106 (22) [0,181]
131 30 (15) [0,181]
131 33 (17) [0,181]
131 17 (28) [0,181]
147 37 (16) [0,208]
147 81 (16) [0,208]
147 30 (17) [0,208]
147 6 (20) [0,208]
147 33 (22) [0,208]
147 17 (30) [0,208]
44 8 (15) [0,210]
44 106 (18) [0,210]
44 30 (21) [0,210]
44 6 (19) [0,210]
44 33 (27) [0,210]
44 17 (27) [0,210]
45 37 (18) [0,212]
45 81 (20) [0,212]
45 106 (16) [0,212]
45 30 (19) [0,212]
45 6 (16) [0,212]
45 33 (21) [0,212]
45 17 (23) [0,212]
1 146 (15) [0,219]
1 106 (19) [0,219]
1 30 (20) [0,219]
1 6 (22) [0,219]
1 33 (17) [0,219]
1 17 (33) [0,219]
104 18 (17) [0,220]
104 81 (17) [0,220]
104 106 (20) [0,220]
104 6 (26) [0,220]
104 33 (26) [0,220]
104 17 (29) [0,220]
162 37 (18) [0,220]
162 28 (15) [0,220]
162 81 (16) [0,220]
162 30 (21) [0,220]
162 6 (20) [0,220]
162 33 (28) [0,220]
162 17 (30) [0,220]
29 106 (16) [0,225]
29 30 (28) [0,225]
29 6 (20) [0,225]
29 33 (27) [0,225]
29 17 (31) [0,225]
62 30 (18) [0,227]
62 6 (27) [0,227]
62 33 (20) [0,227]
62 17 (30) [0,227]
32 37 (17) [0,238]
32 81 (16) [0,238]
32 106 (20) [0,238]
32 6 (21) [0,238]
32 33 (19) [0,238]
32 17 (23) [0,238]
68 146 (22) [0,240]
68 28 (21) [0,240]
68 81 (16) [0,240]
68 30 (22) [0,240]
68 6 (20) [0,240]
68 33 (25) [0,240]
68 17 (21) [0,240]
47 37 (23) [0,251]
47 8 (16) [0,251]
47 30 (29) [0,251]
47 6 (18) [0,251]
47 33 (27) [0,251]
47 17 (30) [0,251]
85 37 (20) [0,252]
85 106 (20) [0,252]
85 30 (23) [0,252]
85 6 (22) [0,252]
85 33 (34) [0,252]
85 17 (31) [0,252]
164 81 (20) [0,254]
164 106 (17) [0,254]
164 30 (16) [0,254]
164 6 (20) [0,254]
164 33 (34) [0,254]
164 17 (38) [0,254]
137 28 (18) [0,256]
137 106 (19) [0,256]
137 30 (18) [0,256]
137 6 (22) [0,256]
137 33 (27) [0,256]
137 17 (47) [0,256]
110 143 (16) [0,263]
110 28 (15) [0,263]
110 81 (16) [0,263]
110 106 (20) [0,263]
110 30 (22) [0,263]
110 6 (20) [0,263]
110 33 (22) [0,263]
110 17 (25) [0,263]
157 8 (24) [0,265]
157 28 (15) [0,265]
157 30 (20) [0,265]
157 6 (15) [0,265]
157 33 (22) [0,265]
157 17 (42) [0,265]
38 37 (17) [0,269]
38 28 (19) [0,269]
38 106 (19) [0,269]
38 30 (22) [0,269]
38 6 (26) [0,269]
38 33 (17) [0,269]
38 17 (36) [0,269]
126 143 (15) [0,280]
126 146 (15) [0,280]
126 28 (17) [0,280]
126 81 (20) [0,280]
126 106 (18) [0,280]
126 30 (15) [0,280]
126 6 (25) [0,280]
126 33 (30) [0,280]
126 17 (44) [0,280]
101 51 (15) [0,283]
101 37 (17) [0,283]
101 28 (16) [0,283]
101 81 (16) [0,283]
101 106 (23) [0,283]
101 30 (24) [0,283]
101 6 (31) [0,283]
101 33 (36) [0,283]
101 17 (33) [0,283]
58 60 (16) [0,305]
58 51 (15) [0,305]
58 8 (15) [0,305]
58 28 (18) [0,305]
58 81 (21) [0,305]
58 106 (19) [0,305]
58 30 (22) [0,305]
58 6 (28) [0,305]
58 33 (24) [0,305]
58 17 (47) [0,305]
93 105 (15) [0,323]
93 37 (17) [0,323]
93 8 (16) [0,323]
93 28 (24) [0,323]
93 81 (16) [0,323]
93 106 (20) [0,323]
93 30 (20) [0,323]
93 6 (28) [0,323]
93 33 (34) [0,323]
93 17 (41) [0,323]
5 18 (17) [0,327]
5 105 (16) [0,327]
5 8 (16) [0,327]
5 28 (22) [0,327]
5 81 (17) [0,327]
5 106 (22) [0,327]
5 30 (22) [0,327]
5 6 (26) [0,327]
5 33 (42) [0,327]
5 17 (34) [0,327]
144 12 (16) [0,327]
144 105 (15) [0,327]
144 28 (20) [0,327]
144 81 (19) [0,327]
144 106 (25) [0,327]
144 30 (25) [0,327]
144 6 (29) [0,327]
144 33 (35) [0,327]
144 17 (48) [0,327]
98 99 (15) [0,335]
98 105 (28) [0,335]
98 146 (22) [0,335]
98 28 (20) [0,335]
98 81 (16) [0,335]
98 106 (27) [0,335]
98 30 (24) [0,335]
98 6 (28) [0,335]
98 33 (33) [0,335]
98 17 (38) [0,335]
87 80 (15) [0,356]
87 51 (15) [0,356]
87 143 (18) [0,356]
87 37 (23) [0,356]
87 8 (16) [0,356]
87 28 (17) [0,356]
87 81 (16) [0,356]
87 106 (20) [0,356]
87 30 (24) [0,356]
87 6 (30) [0,356]
87 33 (34) [0,356]
87 17 (39) [0,356]
138 12 (15) [0,357]
138 51 (16) [0,357]
138 18 (21) [0,357]
138 146 (16) [0,357]
138 37 (23) [0,357]
138 8 (22) [0,357]
138 28 (21) [0,357]
138 81 (19) [0,357]
138 106 (26) [0,357]
138 30 (26) [0,357]
138 6 (43) [0,357]
138 33 (30) [0,357]
138 17 (47) [0,357]
133 40 (15) [0,358]
133 143 (20) [0,358]
133 146 (18) [0,358]
133 37 (19) [0,358]
133 28 (22) [0,358]
133 81 (26) [0,358]
133 106 (27) [0,358]
133 30 (22) [0,358]
133 6 (28) [0,358]
133 33 (32) [0,358]
133 17 (46) [0,358]
57 139 (16) [0,362]
57 163 (15) [0,362]
57 27 (15) [0,362]
57 60 (15) [0,362]
57 51 (25) [0,362]
57 146 (18) [0,362]
57 37 (21) [0,362]
57 8 (19) [0,362]
57 28 (15) [0,362]
57 81 (19) [0,362]
57 106 (16) [0,362]
57 30 (23) [0,362]
57 6 (34) [0,362]
57 33 (39) [0,362]
57 17 (57) [0,362]
20 83 (15) [0,422]
20 80 (17) [0,422]
20 139 (15) [0,422]
20 27 (15) [0,422]
20 60 (19) [0,422]
20 12 (15) [0,422]
20 51 (18) [0,422]
20 143 (20) [0,422]
20 18 (16) [0,422]
20 105 (19) [0,422]
20 146 (19) [0,422]
20 37 (17) [0,422]
20 8 (21) [0,422]
20 28 (21) [0,422]
20 81 (15) [0,422]
20 106 (28) [0,422]
20 30 (35) [0,422]
20 6 (44) [0,422]
20 33 (37) [0,422]
20 17 (54) [0,422]
34 31 (19) [0,425]
34 40 (16) [0,425]
34 12 (21) [0,425]
34 51 (21) [0,425]
34 18 (20) [0,425]
34 146 (24) [0,425]
34 37 (33) [0,425]
34 8 (17) [0,425]
34 28 (17) [0,425]
34 81 (33) [0,425]
34 106 (31) [0,425]
34 30 (32) [0,425]
34 6 (44) [0,425]
34 33 (49) [0,425]
34 17 (61) [0,425]
50 139 (21) [0,476]
50 40 (24) [0,476]
50 27 (15) [0,476]
50 51 (16) [0,476]
50 143 (22) [0,476]
50 18 (16) [0,476]
50 105 (21) [0,476]
50 146 (21) [0,476]
50 37 (20) [0,476]
50 8 (25) [0,476]
50 28 (24) [0,476]
50 81 (30) [0,476]
50 106 (32) [0,476]
50 30 (37) [0,476]
50 6 (37) [0,476]
50 33 (41) [0,476]
50 17 (67) [0,476]
83 80 (17) [0,491]
83 31 (24) [0,491]
83 102 (17) [0,491]
83 36 (22) [0,491]
83 99 (24) [0,491]
83 163 (15) [0,491]
83 40 (29) [0,491]
83 60 (17) [0,491]
83 12 (16) [0,491]
83 51 (18) [0,491]
83 143 (15) [0,491]
83 18 (19) [0,491]
83 105 (23) [0,491]
83 146 (18) [0,491]
83 37 (30) [0,491]
83 8 (21) [0,491]
83 28 (22) [0,491]
83 81 (31) [0,491]
83 106 (34) [0,491]
83 30 (44) [0,491]
83 6 (47) [0,491]
83 33 (51) [0,491]
83 17 (65) [0,491]
80 31 (19) [0,514]
80 99 (21) [0,514]
80 139 (16) [0,514]
80 163 (18) [0,514]
80 40 (22) [0,514]
80 60 (27) [0,514]
80 12 (18) [0,514]
80 51 (20) [0,514]
80 143 (20) [0,514]
80 18 (23) [0,514]
80 105 (22) [0,514]
80 146 (17) [0,514]
80 37 (46) [0,514]
80 8 (29) [0,514]
80 28 (28) [0,514]
80 81 (25) [0,514]
80 106 (38) [0,514]
80 30 (44) [0,514]
80 6 (45) [0,514]
80 33 (55) [0,514]
80 17 (66) [0,514]
31 102 (16) [0,516]
31 36 (17) [0,516]
31 99 (16) [0,516]
31 139 (17) [0,516]
31 163 (26) [0,516]
31 40 (17) [0,516]
31 27 (28) [0,516]
31 60 (22) [0,516]
31 12 (16) [0,516]
31 51 (16) [0,516]
31 143 (20) [0,516]
31 105 (19) [0,516]
31 146 (28) [0,516]
31 8 (22) [0,516]
31 28 (19) [0,516]
31 81 (25) [0,516]
31 106 (35) [0,516]
31 30 (31) [0,516]
31 6 (25) [0,516]
31 33 (43) [0,516]
31 17 (74) [0,516]
102 36 (22) [0,518]
102 139 (16) [0,518]
102 40 (19) [0,518]
102 12 (27) [0,518]
102 51 (23) [0,518]
102 18 (22) [0,518]
102 105 (22) [0,518]
102 146 (20) [0,518]
102 37 (29) [0,518]
102 8 (18) [0,518]
102 28 (33) [0,518]
102 81 (28) [0,518]
102 106 (34) [0,518]
102 30 (34) [0,518]
102 6 (61) [0,518]
102 33 (52) [0,518]
102 17 (70) [0,518]
36 163 (15) [0,534]
36 40 (24) [0,534]
36 27 (21) [0,534]
36 60 (17) [0,534]
36 12 (25) [0,534]
36 51 (17) [0,534]
36 143 (20) [0,534]
36 18 (17) [0,534]
36 105 (24) [0,534]
36 146 (29) [0,534]
36 37 (29) [0,534]
36 8 (28) [0,534]
36 28 (24) [0,534]
36 81 (33) [0,534]
36 106 (35) [0,534]
36 30 (49) [0,534]
36 6 (49) [0,534]
36 33 (47) [0,534]
36 17 (74) [0,534]
99 139 (20) [0,566]
99 163 (25) [0,566]
99 27 (16) [0,566]
99 60 (15) [0,566]
99 12 (16) [0,566]
99 51 (27) [0,566]
99 143 (23) [0,566]
99 18 (24) [0,566]
99 105 (23) [0,566]
99 146 (20) [0,566]
99 37 (25) [0,566]
99 8 (23) [0,566]
99 28 (24) [0,566]
99 81 (27) [0,566]
99 106 (47) [0,566]
99 30 (47) [0,566]
99 6 (54) [0,566]
99 33 (65) [0,566]
99 17 (83) [0,566]
139 163 (18) [0,566]
139 40 (25) [0,566]
139 27 (23) [0,566]
139 12 (26) [0,566]
139 51 (18) [0,566]
139 143 (23) [0,566]
139 105 (20) [0,566]
139 146 (20) [0,566]
139 37 (30) [0,566]
139 8 (33) [0,566]
139 28 (35) [0,566]
139 81 (30) [0,566]
139 106 (33) [0,566]
139 30 (43) [0,566]
139 6 (53) [0,566]
139 33 (56) [0,566]
139 17 (87) [0,566]
163 40 (25) [0,571]
163 27 (15) [0,571]
163 60 (16) [0,571]
163 12 (24) [0,571]
163 51 (37) [0,571]
163 143 (19) [0,571]
163 18 (25) [0,571]
163 105 (32) [0,571]
163 146 (26) [0,571]
163 37 (27) [0,571]
163 8 (23) [0,571]
163 28 (22) [0,571]
163 81 (20) [0,571]
163 106 (36) [0,571]
163 30 (44) [0,571]
163 6 (54) [0,571]
163 33 (48) [0,571]
163 17 (70) [0,571]
40 40 (15) [0,580]
40 27 (18) [0,580]
40 60 (24) [0,580]
40 12 (29) [0,580]
40 51 (21) [0,580]
40 143 (26) [0,580]
40 18 (31) [0,580]
40 105 (28) [0,580]
40 146 (28) [0,580]
40 37 (26) [0,580]
40 8 (35) [0,580]
40 28 (22) [0,580]
40 81 (34) [0,580]
40 106 (40) [0,580]
40 30 (49) [0,580]
40 6 (62) [0,580]
40 33 (86) [0,580]
40 17 (87) [0,580]
27 60 (23) [0,596]
27 12 (26) [0,596]
27 51 (30) [0,596]
27 143 (27) [0,596]
27 18 (19) [0,596]
27 105 (32) [0,596]
27 146 (19) [0,596]
27 37 (31) [0,596]
27 8 (28) [0,596]
27 28 (32) [0,596]
27 81 (38) [0,596]
27 106 (44) [0,596]
27 30 (35) [0,596]
27 6 (49) [0,596]
27 33 (59) [0,596]
27 17 (91) [0,596]
60 12 (18) [0,662]
60 51 (23) [0,662]
60 143 (18) [0,662]
60 18 (27) [0,662]
60 105 (24) [0,662]
60 146 (32) [0,662]
60 37 (32) [0,662]
60 8 (27) [0,662]
60 28 (38) [0,662]
60 81 (41) [0,662]
60 106 (45) [0,662]
60 30 (52) [0,662]
60 6 (46) [0,662]
60 33 (65) [0,662]
60 17 (76) [0,662]
12 51 (29) [0,687]
12 143 (22) [0,687]
12 18 (23) [0,687]
12 105 (31) [0,687]
12 146 (27) [0,687]
12 37 (51) [0,687]
12 8 (39) [0,687]
12 28 (39) [0,687]
12 81 (37) [0,687]
12 106 (55) [0,687]
12 30 (48) [0,687]
12 6 (62) [0,687]
12 33 (72) [0,687]
12 17 (113) [0,687]
51 51 (15) [0,717]
51 143 (30) [0,717]
51 18 (24) [0,717]
51 105 (29) [0,717]
51 146 (23) [0,717]
51 37 (42) [0,717]
51 8 (23) [0,717]
51 28 (38) [0,717]
51 81 (34) [0,717]
51 106 (59) [0,717]
51 30 (53) [0,717]
51 6 (67) [0,717]
51 33 (63) [0,717]
51 17 (99) [0,717]
143 143 (19) [0,731]
143 18 (30) [0,731]
143 105 (20) [0,731]
143 146 (28) [0,731]
143 37 (36) [0,731]
143 8 (33) [0,731]
143 28 (43) [0,731]
143 81 (53) [0,731]
143 106 (56) [0,731]
143 30 (72) [0,731]
143 6 (73) [0,731]
143 33 (80) [0,731]
143 17 (107) [0,731]
18 105 (33) [0,744]
18 146 (22) [0,744]
18 37 (36) [0,744]
18 8 (32) [0,744]
18 28 (32) [0,744]
18 81 (44) [0,744]
18 106 (59) [0,744]
18 30 (62) [0,744]
18 6 (81) [0,744]
18 33 (81) [0,744]
18 17 (110) [0,744]
105 146 (34) [0,785]
105 37 (52) [0,785]
105 8 (45) [0,785]
105 28 (43) [0,785]
105 81 (46) [0,785]
105 106 (55) [0,785]
105 30 (65) [0,785]
105 6 (62) [0,785]
105 33 (59) [0,785]
105 17 (104) [0,785]
146 146 (17) [0,812]
146 37 (21) [0,812]
146 8 (42) [0,812]
146 28 (43) [0,812]
146 81 (36) [0,812]
146 106 (72) [0,812]
146 30 (57) [0,812]
146 6 (71) [0,812]
146 33 (76) [0,812]
146 17 (114) [0,812]
37 37 (22) [0,924]
37 8 (51) [0,924]
37 28 (50) [0,924]
37 81 (53) [0,924]
37 106 (93) [0,924]
37 30 (94) [0,924]
37 6 (86) [0,924]
37 33 (98) [0,924]
37 17 (147) [0,924]
8 8 (25) [0,933]
8 28 (56) [0,933]
8 81 (54) [0,933]
8 106 (59) [0,933]
8 30 (77) [0,933]
8 6 (76) [0,933]
8 33 (90) [0,933]
8 17 (117) [0,933]
28 28 (19) [0,1032]
28 81 (56) [0,1032]
28 106 (86) [0,1032]
28 30 (86) [0,1032]
28 6 (96) [0,1032]
28 33 (98) [0,1032]
28 17 (136) [0,1032]
81 81 (32) [0,1071]
81 106 (70) [0,1071]
81 30 (83) [0,1071]
81 6 (97) [0,1071]
81 33 (85) [0,1071]
81 17 (123) [0,1071]
106 106 (51) [0,1334]
106 30 (92) [0,1334]
106 6 (127) [0,1334]
106 33 (131) [0,1334]
106 17 (183) [0,1334]
30 30 (63) [0,1514]
30 6 (130) [0,1514]
30 33 (160) [0,1514]
30 17 (199) [0,1514]
6 6 (74) [0,1716]
6 33 (182) [0,1716]
6 17 (227) [0,1716]
33 33 (75) [0,1898]
33 17 (243) [0,1898]
17 17 (148) [0,2502]
105 37 17 (15) [0,52]
105 30 17 (16) [0,65]
37 106 17 (25) [0,93]
37 30 17 (21) [0,94]
37 6 33 (15) [0,86]
37 6 17 (18) [0,86]
37 33 17 (16) [0,98]
8 30 17 (16) [0,77]
106 30 17 (15) [0,92]
106 6 17 (24) [0,127]
106 33 17 (18) [0,131]
30 30 17 (15) [0,63]
30 6 33 (19) [0,130]
30 6 17 (16) [0,130]
30 33 17 (18) [0,160]
6 33 17 (20) [0,182]
