(13502) [13502,13502]
0 (250) [0,13502]
3 (458) [0,13502]
4 (649) [0,13502]
5 (293) [0,13502]
6 (541) [0,13502]
10 (298) [0,13502]
11 (230) [0,13502]
12 (205) [0,13502]
15 (203) [0,13502]
21 (429) [0,13502]
24 (148) [0,13502]
26 (193) [0,13502]
30 (469) [0,13502]
31 (542) [0,13502]
33 (215) [0,13502]
35 (920) [0,13502]
36 (965) [0,13502]
37 (515) [0,13502]
39 (838) [0,13502]
41 (140) [0,13502]
42 (1546) [0,13502]
44 (652) [0,13502]
55 (275) [0,13502]
56 (139) [0,13502]
58 (319) [0,13502]
61 (514) [0,13502]
63 (386) [0,13502]
68 (330) [0,13502]
71 (472) [0,13502]
78 (620) [0,13502]
82 (292) [0,13502]
87 (240) [0,13502]
88 (382) [0,13502]
95 (235) [0,13502]
100 (753) [0,13502]
109 (190) [0,13502]
110 (162) [0,13502]
115 (321) [0,13502]
116 (229) [0,13502]
118 (210) [0,13502]
121 (205) [0,13502]
124 (844) [0,13502]
125 (1709) [0,13502]
126 (1356) [0,13502]
127 (165) [0,13502]
129 (500) [0,13502]
130 (711) [0,13502]
132 (203) [0,13502]
133 (221) [0,13502]
135 (188) [0,13502]
138 (157) [0,13502]
140 (595) [0,13502]
142 (1205) [0,13502]
144 (482) [0,13502]
146 (298) [0,13502]
147 (681) [0,13502]
149 (241) [0,13502]
150 (322) [0,13502]
151 (216) [0,13502]
154 (239) [0,13502]
156 (461) [0,13502]
159 (2266) [0,13502]
160 (217) [0,13502]
39 159 (136) [0,838]
142 159 (163) [0,1205]
126 125 (151) [0,1356]
126 159 (178) [0,1356]
42 125 (168) [0,1546]
42 159 (205) [0,1546]
125 159 (217) [0,1709]
