(13502) [13502,13502]
0 (250) [0,13502]
1 (57) [0,13502]
2 (45) [0,13502]
3 (458) [0,13502]
4 (649) [0,13502]
5 (293) [0,13502]
6 (541) [0,13502]
8 (86) [0,13502]
10 (298) [0,13502]
11 (230) [0,13502]
12 (205) [0,13502]
13 (83) [0,13502]
14 (64) [0,13502]
15 (203) [0,13502]
16 (68) [0,13502]
17 (40) [0,13502]
18 (19) [0,13502]
19 (21) [0,13502]
20 (81) [0,13502]
21 (429) [0,13502]
22 (123) [0,13502]
23 (21) [0,13502]
24 (148) [0,13502]
25 (80) [0,13502]
26 (193) [0,13502]
27 (68) [0,13502]
28 (33) [0,13502]
29 (31) [0,13502]
30 (469) [0,13502]
31 (542) [0,13502]
32 (110) [0,13502]
33 (215) [0,13502]
35 (920) [0,13502]
36 (965) [0,13502]
37 (515) [0,13502]
38 (26) [0,13502]
39 (838) [0,13502]
41 (140) [0,13502]
42 (1546) [0,13502]
43 (14) [0,13502]
44 (652) [0,13502]
45 (58) [0,13502]
46 (106) [0,13502]
47 (59) [0,13502]
48 (99) [0,13502]
49 (93) [0,13502]
50 (16) [0,13502]
51 (87) [0,13502]
52 (28) [0,13502]
54 (16) [0,13502]
55 (275) [0,13502]
56 (139) [0,13502]
57 (24) [0,13502]
58 (319) [0,13502]
59 (32) [0,13502]
60 (36) [0,13502]
61 (514) [0,13502]
62 (43) [0,13502]
63 (386) [0,13502]
64 (30) [0,13502]
65 (54) [0,13502]
66 (16) [0,13502]
68 (330) [0,13502]
70 (62) [0,13502]
71 (472) [0,13502]
72 (69) [0,13502]
73 (28) [0,13502]
74 (31) [0,13502]
75 (47) [0,13502]
76 (91) [0,13502]
77 (66) [0,13502]
78 (620) [0,13502]
79 (16) [0,13502]
80 (54) [0,13502]
82 (292) [0,13502]
84 (28) [0,13502]
85 (41) [0,13502]
86 (18) [0,13502]
87 (240) [0,13502]
88 (382) [0,13502]
90 (27) [0,13502]
91 (27) [0,13502]
92 (18) [0,13502]
94 (56) [0,13502]
95 (235) [0,13502]
96 (45) [0,13502]
97 (62) [0,13502]
98 (16) [0,13502]
99 (116) [0,13502]
100 (753) [0,13502]
101 (14) [0,13502]
102 (26) [0,13502]
103 (20) [0,13502]
104 (75) [0,13502]
106 (58) [0,13502]
109 (190) [0,13502]
110 (162) [0,13502]
111 (114) [0,13502]
112 (66) [0,13502]
113 (31) [0,13502]
114 (78) [0,13502]
115 (321) [0,13502]
116 (229) [0,13502]
117 (20) [0,13502]
118 (210) [0,13502]
119 (25) [0,13502]
120 (23) [0,13502]
121 (205) [0,13502]
122 (35) [0,13502]
124 (844) [0,13502]
125 (1709) [0,13502]
126 (1356) [0,13502]
127 (165) [0,13502]
128 (17) [0,13502]
129 (500) [0,13502]
130 (711) [0,13502]
131 (62) [0,13502]
132 (203) [0,13502]
133 (221) [0,13502]
134 (20) [0,13502]
135 (188) [0,13502]
136 (130) [0,13502]
137 (43) [0,13502]
138 (157) [0,13502]
140 (595) [0,13502]
141 (89) [0,13502]
142 (1205) [0,13502]
143 (72) [0,13502]
144 (482) [0,13502]
145 (133) [0,13502]
146 (298) [0,13502]
147 (681) [0,13502]
148 (129) [0,13502]
149 (241) [0,13502]
150 (322) [0,13502]
151 (216) [0,13502]
152 (120) [0,13502]
153 (37) [0,13502]
154 (239) [0,13502]
155 (32) [0,13502]
156 (461) [0,13502]
157 (47) [0,13502]
159 (2266) [0,13502]
160 (217) [0,13502]
161 (102) [0,13502]
164 (39) [0,13502]
165 (74) [0,13502]
166 (111) [0,13502]
113 159 (14) [0,31]
45 35 (14) [0,58]
143 159 (14) [0,72]
8 159 (15) [0,86]
76 159 (14) [0,91]
161 159 (14) [0,102]
46 142 (14) [0,106]
46 159 (15) [0,106]
32 42 (14) [0,110]
166 42 (22) [0,111]
99 159 (16) [0,116]
152 142 (14) [0,120]
152 42 (14) [0,120]
152 159 (19) [0,120]
148 142 (14) [0,129]
148 125 (15) [0,129]
148 159 (26) [0,129]
136 35 (15) [0,130]
136 159 (24) [0,130]
145 36 (15) [0,133]
145 42 (19) [0,133]
145 159 (23) [0,133]
56 142 (18) [0,139]
56 125 (20) [0,139]
56 159 (16) [0,139]
41 42 (18) [0,140]
41 125 (16) [0,140]
24 142 (16) [0,148]
24 42 (14) [0,148]
24 159 (22) [0,148]
138 42 (14) [0,157]
138 159 (27) [0,157]
110 159 (18) [0,162]
127 142 (19) [0,165]
127 125 (15) [0,165]
127 159 (27) [0,165]
135 36 (15) [0,188]
135 126 (16) [0,188]
135 42 (17) [0,188]
135 125 (21) [0,188]
135 159 (27) [0,188]
109 124 (15) [0,190]
109 142 (16) [0,190]
109 126 (19) [0,190]
109 42 (16) [0,190]
109 125 (23) [0,190]
109 159 (23) [0,190]
26 39 (16) [0,193]
26 36 (19) [0,193]
26 142 (14) [0,193]
26 126 (16) [0,193]
26 125 (21) [0,193]
26 159 (23) [0,193]
15 100 (14) [0,203]
15 142 (19) [0,203]
15 126 (19) [0,203]
15 42 (21) [0,203]
15 125 (17) [0,203]
15 159 (31) [0,203]
132 39 (14) [0,203]
132 36 (16) [0,203]
132 142 (14) [0,203]
132 126 (20) [0,203]
132 42 (18) [0,203]
132 125 (22) [0,203]
132 159 (29) [0,203]
12 142 (15) [0,205]
12 126 (27) [0,205]
12 42 (16) [0,205]
12 125 (22) [0,205]
12 159 (28) [0,205]
121 147 (17) [0,205]
121 36 (17) [0,205]
121 142 (20) [0,205]
121 42 (25) [0,205]
121 125 (23) [0,205]
121 159 (28) [0,205]
118 142 (14) [0,210]
118 126 (17) [0,210]
118 42 (24) [0,210]
118 125 (19) [0,210]
118 159 (28) [0,210]
33 100 (22) [0,215]
33 35 (20) [0,215]
33 36 (14) [0,215]
33 126 (17) [0,215]
33 42 (18) [0,215]
33 125 (23) [0,215]
33 159 (20) [0,215]
151 39 (15) [0,216]
151 126 (20) [0,216]
151 42 (20) [0,216]
151 125 (26) [0,216]
151 159 (22) [0,216]
160 39 (17) [0,217]
160 36 (15) [0,217]
160 142 (18) [0,217]
160 42 (19) [0,217]
160 125 (19) [0,217]
160 159 (20) [0,217]
133 39 (23) [0,221]
133 124 (16) [0,221]
133 126 (26) [0,221]
133 42 (15) [0,221]
133 125 (22) [0,221]
133 159 (29) [0,221]
116 147 (14) [0,229]
116 36 (19) [0,229]
116 142 (17) [0,229]
116 126 (14) [0,229]
116 42 (18) [0,229]
116 125 (33) [0,229]
116 159 (33) [0,229]
11 35 (17) [0,230]
11 142 (16) [0,230]
11 126 (14) [0,230]
11 42 (21) [0,230]
11 125 (26) [0,230]
11 159 (43) [0,230]
95 39 (17) [0,235]
95 35 (16) [0,235]
95 142 (16) [0,235]
95 126 (18) [0,235]
95 42 (20) [0,235]
95 125 (15) [0,235]
95 159 (31) [0,235]
154 44 (15) [0,239]
154 35 (15) [0,239]
154 36 (15) [0,239]
154 142 (18) [0,239]
154 126 (14) [0,239]
154 42 (19) [0,239]
154 125 (24) [0,239]
154 159 (37) [0,239]
87 44 (16) [0,240]
87 36 (14) [0,240]
87 142 (19) [0,240]
87 126 (19) [0,240]
87 42 (17) [0,240]
87 125 (22) [0,240]
87 159 (24) [0,240]
149 124 (19) [0,241]
149 126 (19) [0,241]
149 125 (18) [0,241]
149 159 (40) [0,241]
0 39 (17) [0,250]
0 35 (15) [0,250]
0 36 (16) [0,250]
0 142 (23) [0,250]
0 126 (19) [0,250]
0 42 (27) [0,250]
0 125 (31) [0,250]
0 159 (30) [0,250]
55 140 (16) [0,275]
55 4 (14) [0,275]
55 124 (14) [0,275]
55 35 (16) [0,275]
55 36 (20) [0,275]
55 142 (18) [0,275]
55 126 (19) [0,275]
55 42 (21) [0,275]
55 125 (22) [0,275]
55 159 (41) [0,275]
82 147 (16) [0,292]
82 130 (14) [0,292]
82 124 (16) [0,292]
82 35 (21) [0,292]
82 36 (17) [0,292]
82 142 (20) [0,292]
82 126 (21) [0,292]
82 42 (25) [0,292]
82 125 (37) [0,292]
82 159 (28) [0,292]
5 115 (14) [0,293]
5 78 (14) [0,293]
5 130 (14) [0,293]
5 124 (16) [0,293]
5 35 (20) [0,293]
5 36 (14) [0,293]
5 142 (19) [0,293]
5 126 (18) [0,293]
5 42 (25) [0,293]
5 125 (27) [0,293]
5 159 (35) [0,293]
10 31 (14) [0,298]
10 78 (15) [0,298]
10 130 (14) [0,298]
10 35 (18) [0,298]
10 36 (17) [0,298]
10 142 (21) [0,298]
10 126 (22) [0,298]
10 42 (27) [0,298]
10 125 (32) [0,298]
10 159 (45) [0,298]
146 37 (15) [0,298]
146 130 (25) [0,298]
146 100 (19) [0,298]
146 39 (14) [0,298]
146 124 (14) [0,298]
146 35 (19) [0,298]
146 36 (15) [0,298]
146 142 (23) [0,298]
146 126 (22) [0,298]
146 42 (22) [0,298]
146 125 (29) [0,298]
146 159 (34) [0,298]
58 30 (14) [0,319]
58 4 (15) [0,319]
58 44 (14) [0,319]
58 147 (19) [0,319]
58 100 (15) [0,319]
58 39 (22) [0,319]
58 124 (21) [0,319]
58 35 (17) [0,319]
58 36 (18) [0,319]
58 142 (23) [0,319]
58 126 (24) [0,319]
58 42 (39) [0,319]
58 125 (25) [0,319]
58 159 (37) [0,319]
115 6 (14) [0,321]
115 44 (15) [0,321]
115 100 (16) [0,321]
115 39 (19) [0,321]
115 35 (22) [0,321]
115 36 (25) [0,321]
115 142 (26) [0,321]
115 126 (19) [0,321]
115 42 (26) [0,321]
115 125 (30) [0,321]
115 159 (38) [0,321]
150 156 (14) [0,322]
150 44 (17) [0,322]
150 39 (20) [0,322]
150 142 (15) [0,322]
150 126 (21) [0,322]
150 42 (26) [0,322]
150 125 (32) [0,322]
150 159 (34) [0,322]
68 31 (15) [0,330]
68 4 (23) [0,330]
68 100 (15) [0,330]
68 39 (19) [0,330]
68 124 (19) [0,330]
68 35 (14) [0,330]
68 36 (17) [0,330]
68 142 (16) [0,330]
68 126 (20) [0,330]
68 42 (30) [0,330]
68 125 (35) [0,330]
68 159 (53) [0,330]
88 3 (15) [0,382]
88 156 (16) [0,382]
88 61 (14) [0,382]
88 140 (14) [0,382]
88 78 (14) [0,382]
88 4 (17) [0,382]
88 44 (18) [0,382]
88 147 (16) [0,382]
88 130 (17) [0,382]
88 100 (19) [0,382]
88 124 (18) [0,382]
88 35 (17) [0,382]
88 142 (26) [0,382]
88 126 (34) [0,382]
88 42 (42) [0,382]
88 125 (32) [0,382]
88 159 (49) [0,382]
63 30 (19) [0,386]
63 6 (14) [0,386]
63 78 (18) [0,386]
63 4 (20) [0,386]
63 147 (20) [0,386]
63 100 (21) [0,386]
63 39 (32) [0,386]
63 124 (15) [0,386]
63 35 (14) [0,386]
63 36 (27) [0,386]
63 142 (30) [0,386]
63 126 (28) [0,386]
63 42 (39) [0,386]
63 125 (46) [0,386]
63 159 (53) [0,386]
21 61 (18) [0,429]
21 6 (24) [0,429]
21 4 (14) [0,429]
21 44 (21) [0,429]
21 130 (20) [0,429]
21 100 (18) [0,429]
21 39 (20) [0,429]
21 124 (22) [0,429]
21 35 (22) [0,429]
21 36 (25) [0,429]
21 142 (28) [0,429]
21 126 (35) [0,429]
21 42 (36) [0,429]
21 125 (32) [0,429]
21 159 (57) [0,429]
3 156 (16) [0,458]
3 30 (24) [0,458]
3 71 (17) [0,458]
3 144 (21) [0,458]
3 37 (23) [0,458]
3 6 (24) [0,458]
3 140 (17) [0,458]
3 78 (14) [0,458]
3 4 (18) [0,458]
3 44 (14) [0,458]
3 147 (18) [0,458]
3 130 (22) [0,458]
3 100 (14) [0,458]
3 39 (27) [0,458]
3 124 (20) [0,458]
3 35 (21) [0,458]
3 36 (30) [0,458]
3 142 (31) [0,458]
3 126 (38) [0,458]
3 42 (45) [0,458]
3 125 (47) [0,458]
3 159 (58) [0,458]
156 30 (18) [0,461]
156 129 (17) [0,461]
156 61 (15) [0,461]
156 37 (20) [0,461]
156 6 (20) [0,461]
156 140 (25) [0,461]
156 78 (15) [0,461]
156 4 (17) [0,461]
156 44 (18) [0,461]
156 147 (22) [0,461]
156 130 (17) [0,461]
156 100 (16) [0,461]
156 39 (43) [0,461]
156 124 (28) [0,461]
156 35 (26) [0,461]
156 36 (23) [0,461]
156 142 (34) [0,461]
156 126 (39) [0,461]
156 42 (38) [0,461]
156 125 (50) [0,461]
156 159 (58) [0,461]
30 71 (14) [0,469]
30 144 (15) [0,469]
30 129 (23) [0,469]
30 61 (15) [0,469]
30 37 (16) [0,469]
30 6 (17) [0,469]
30 31 (27) [0,469]
30 140 (21) [0,469]
30 78 (16) [0,469]
30 4 (14) [0,469]
30 44 (20) [0,469]
30 130 (16) [0,469]
30 100 (26) [0,469]
30 124 (19) [0,469]
30 35 (17) [0,469]
30 36 (23) [0,469]
30 142 (33) [0,469]
30 126 (29) [0,469]
30 42 (21) [0,469]
30 125 (39) [0,469]
30 159 (68) [0,469]
71 144 (18) [0,472]
71 61 (16) [0,472]
71 6 (19) [0,472]
71 78 (26) [0,472]
71 4 (20) [0,472]
71 147 (21) [0,472]
71 130 (21) [0,472]
71 100 (18) [0,472]
71 39 (26) [0,472]
71 124 (17) [0,472]
71 35 (25) [0,472]
71 36 (27) [0,472]
71 142 (31) [0,472]
71 126 (32) [0,472]
71 42 (56) [0,472]
71 125 (45) [0,472]
71 159 (61) [0,472]
144 6 (23) [0,482]
144 31 (18) [0,482]
144 140 (15) [0,482]
144 78 (21) [0,482]
144 4 (15) [0,482]
144 44 (17) [0,482]
144 147 (17) [0,482]
144 130 (19) [0,482]
144 100 (26) [0,482]
144 39 (26) [0,482]
144 124 (24) [0,482]
144 35 (23) [0,482]
144 36 (30) [0,482]
144 142 (28) [0,482]
144 126 (44) [0,482]
144 42 (43) [0,482]
144 125 (43) [0,482]
144 159 (65) [0,482]
129 61 (18) [0,500]
129 37 (22) [0,500]
129 6 (22) [0,500]
129 31 (14) [0,500]
129 140 (14) [0,500]
129 78 (21) [0,500]
129 4 (29) [0,500]
129 44 (17) [0,500]
129 147 (24) [0,500]
129 130 (31) [0,500]
129 100 (26) [0,500]
129 39 (23) [0,500]
129 124 (19) [0,500]
129 35 (20) [0,500]
129 36 (18) [0,500]
129 142 (36) [0,500]
129 126 (35) [0,500]
129 42 (50) [0,500]
129 125 (45) [0,500]
129 159 (60) [0,500]
61 37 (19) [0,514]
61 6 (24) [0,514]
61 31 (20) [0,514]
61 78 (24) [0,514]
61 4 (15) [0,514]
61 44 (20) [0,514]
61 130 (18) [0,514]
61 100 (20) [0,514]
61 39 (28) [0,514]
61 124 (28) [0,514]
61 35 (34) [0,514]
61 36 (29) [0,514]
61 142 (32) [0,514]
61 126 (39) [0,514]
61 42 (43) [0,514]
61 125 (52) [0,514]
61 159 (78) [0,514]
37 31 (15) [0,515]
37 140 (15) [0,515]
37 78 (15) [0,515]
37 4 (24) [0,515]
37 44 (20) [0,515]
37 147 (24) [0,515]
37 130 (21) [0,515]
37 100 (19) [0,515]
37 39 (21) [0,515]
37 124 (22) [0,515]
37 35 (22) [0,515]
37 36 (27) [0,515]
37 142 (43) [0,515]
37 126 (40) [0,515]
37 42 (50) [0,515]
37 125 (59) [0,515]
37 159 (75) [0,515]
6 6 (14) [0,541]
6 31 (16) [0,541]
6 140 (21) [0,541]
6 78 (28) [0,541]
6 4 (19) [0,541]
6 44 (21) [0,541]
6 147 (26) [0,541]
6 130 (23) [0,541]
6 100 (27) [0,541]
6 39 (23) [0,541]
6 124 (30) [0,541]
6 35 (20) [0,541]
6 36 (31) [0,541]
6 142 (36) [0,541]
6 126 (44) [0,541]
6 42 (62) [0,541]
6 125 (82) [0,541]
6 159 (80) [0,541]
31 31 (14) [0,542]
31 140 (22) [0,542]
31 78 (24) [0,542]
31 4 (28) [0,542]
31 44 (24) [0,542]
31 147 (19) [0,542]
31 130 (29) [0,542]
31 100 (19) [0,542]
31 39 (29) [0,542]
31 124 (22) [0,542]
31 35 (28) [0,542]
31 36 (36) [0,542]
31 142 (38) [0,542]
31 126 (32) [0,542]
31 42 (47) [0,542]
31 125 (50) [0,542]
31 159 (82) [0,542]
140 78 (17) [0,595]
140 4 (21) [0,595]
140 44 (17) [0,595]
140 147 (27) [0,595]
140 130 (20) [0,595]
140 100 (30) [0,595]
140 39 (27) [0,595]
140 124 (25) [0,595]
140 35 (32) [0,595]
140 36 (36) [0,595]
140 142 (43) [0,595]
140 126 (43) [0,595]
140 42 (44) [0,595]
140 125 (55) [0,595]
140 159 (72) [0,595]
78 4 (24) [0,620]
78 44 (18) [0,620]
78 147 (22) [0,620]
78 130 (28) [0,620]
78 100 (26) [0,620]
78 39 (45) [0,620]
78 124 (35) [0,620]
78 35 (34) [0,620]
78 36 (34) [0,620]
78 142 (51) [0,620]
78 126 (42) [0,620]
78 42 (54) [0,620]
78 125 (67) [0,620]
78 159 (104) [0,620]
4 44 (27) [0,649]
4 147 (21) [0,649]
4 130 (27) [0,649]
4 100 (23) [0,649]
4 39 (39) [0,649]
4 124 (21) [0,649]
4 35 (37) [0,649]
4 36 (34) [0,649]
4 142 (56) [0,649]
4 126 (48) [0,649]
4 42 (59) [0,649]
4 125 (57) [0,649]
4 159 (87) [0,649]
44 44 (14) [0,652]
44 147 (27) [0,652]
44 130 (17) [0,652]
44 100 (26) [0,652]
44 39 (26) [0,652]
44 124 (29) [0,652]
44 35 (38) [0,652]
44 36 (50) [0,652]
44 142 (48) [0,652]
44 126 (65) [0,652]
44 42 (70) [0,652]
44 125 (67) [0,652]
44 159 (97) [0,652]
147 130 (31) [0,681]
147 100 (22) [0,681]
147 39 (34) [0,681]
147 124 (31) [0,681]
147 35 (28) [0,681]
147 36 (38) [0,681]
147 142 (55) [0,681]
147 126 (56) [0,681]
147 42 (73) [0,681]
147 125 (75) [0,681]
147 159 (98) [0,681]
130 100 (30) [0,711]
130 39 (44) [0,711]
130 124 (39) [0,711]
130 35 (40) [0,711]
130 36 (45) [0,711]
130 142 (47) [0,711]
130 126 (62) [0,711]
130 42 (57) [0,711]
130 125 (53) [0,711]
130 159 (95) [0,711]
100 100 (17) [0,753]
100 39 (18) [0,753]
100 124 (41) [0,753]
100 35 (40) [0,753]
100 36 (34) [0,753]
100 142 (67) [0,753]
100 126 (53) [0,753]
100 42 (67) [0,753]
100 125 (69) [0,753]
100 159 (108) [0,753]
39 39 (15) [0,838]
39 124 (42) [0,838]
39 35 (45) [0,838]
39 36 (48) [0,838]
39 142 (81) [0,838]
39 126 (87) [0,838]
39 42 (80) [0,838]
39 125 (86) [0,838]
39 159 (136) [0,838]
124 124 (22) [0,844]
124 35 (49) [0,844]
124 36 (49) [0,844]
124 142 (54) [0,844]
124 126 (68) [0,844]
124 42 (66) [0,844]
124 125 (76) [0,844]
124 159 (104) [0,844]
35 35 (19) [0,920]
35 36 (50) [0,920]
35 142 (79) [0,920]
35 126 (79) [0,920]
35 42 (83) [0,920]
35 125 (84) [0,920]
35 159 (124) [0,920]
36 36 (30) [0,965]
36 142 (59) [0,965]
36 126 (75) [0,965]
36 42 (87) [0,965]
36 125 (78) [0,965]
36 159 (119) [0,965]
142 142 (46) [0,1205]
142 126 (82) [0,1205]
142 42 (116) [0,1205]
142 125 (124) [0,1205]
142 159 (163) [0,1205]
126 126 (59) [0,1356]
126 42 (117) [0,1356]
126 125 (151) [0,1356]
126 159 (178) [0,1356]
42 42 (68) [0,1546]
42 125 (168) [0,1546]
42 159 (205) [0,1546]
125 125 (69) [0,1709]
125 159 (217) [0,1709]
159 159 (129) [0,2266]
130 39 159 (14) [0,44]
130 126 159 (14) [0,62]
39 142 159 (21) [0,81]
39 126 159 (18) [0,87]
39 42 125 (14) [0,80]
39 42 159 (16) [0,80]
124 126 159 (15) [0,68]
142 42 159 (21) [0,116]
142 125 159 (16) [0,124]
126 126 159 (15) [0,59]
126 42 125 (18) [0,117]
126 42 159 (16) [0,117]
126 125 159 (18) [0,151]
42 125 159 (17) [0,168]
